Results:
=========================================================
Actual:
       Path Length: 33523.00

=========================================================
Step By Btep:
      Optimal Path: 25 41 23 47 13 22 2 21 15 40 33 39 30 43 17 35 27 29 5 16 42 26 18 36 6 37 8 7 0 14 45 32 20 38 31 24 12 46 19 11 10 4 28 1 9 44 34 3 
        Iterations: 100
  Mean Path Length: 55048.79 += 4553.27
     Percent Error: 164.21%

=========================================================
Nearest Neighbor:
      Optimal Path: 0 8 7 21 39 15 37 2 14 45 30 11 22 10 32 43 33 40 13 17 19 12 46 35 6 24 27 20 29 5 36 18 26 42 38 28 4 47 16 31 1 41 23 9 25 3 34 44 
       Path Length: 83039.59
     Percent Error: 247.71%